Below are the simulation results for the test trials
WORLD	TASK	SUCCESS	STEPS	LOWEST_CLEARANCE
256	6	1	250	0.113
256	6	1	250	0.208
256	6	1	250	0.198
256	6	1	250	0.067
256	6	1	250	0.208
256	7	1	250	0.134
256	7	1	250	0.182
256	7	1	250	0.171
256	7	1	250	0.121
256	7	1	250	0.168
256	8	1	250	0.310
256	8	1	250	0.284
256	8	1	250	0.334
256	8	1	250	0.300
256	8	1	250	0.290
256	9	1	250	0.323
256	9	1	250	0.281
256	9	1	250	0.299
256	9	1	250	0.305
256	9	1	250	0.308
252	6	1	250	0.219
252	6	1	250	0.272
252	6	1	250	0.352
252	6	1	250	0.347
252	6	1	250	0.186
252	7	1	250	0.086
252	7	1	250	0.119
252	7	1	250	0.086
252	7	1	250	0.230
252	7	1	250	0.216
252	8	1	250	0.421
252	8	1	250	0.306
252	8	1	250	0.350
252	8	1	250	0.315
252	8	1	250	0.350
252	9	1	250	0.334
252	9	1	250	0.335
252	9	1	250	0.372
252	9	1	250	0.352
252	9	1	250	0.350
201	6	1	250	0.226
201	6	1	250	0.228
201	6	1	250	0.284
201	6	1	250	0.245
201	6	1	250	0.353
201	7	1	250	0.203
201	7	1	250	0.100
201	7	1	250	0.235
201	7	1	250	0.390
201	7	1	250	0.308
201	8	1	250	0.293
201	8	1	250	0.213
201	8	1	250	0.284
201	8	1	250	0.244
201	8	1	250	0.255
201	9	1	250	0.247
201	9	1	250	0.297
201	9	1	250	0.302
201	9	1	250	0.252
201	9	1	250	0.233
86	6	1	250	0.163
86	6	1	250	0.099
86	6	1	250	0.212
86	6	1	250	0.129
86	6	1	250	0.150
86	7	1	250	0.166
86	7	1	250	0.179
86	7	1	250	0.183
86	7	1	250	0.067
86	7	1	250	0.179
86	8	1	250	0.233
86	8	1	250	0.280
86	8	1	250	0.291
86	8	1	250	0.224
86	8	1	250	0.284
86	9	1	250	0.299
86	9	1	250	0.285
86	9	1	250	0.287
86	9	1	250	0.302
86	9	1	250	0.300
150	6	1	250	0.260
150	6	1	250	0.128
150	6	1	250	0.374
150	6	1	250	0.361
150	6	1	250	0.267
150	7	1	250	0.214
150	7	1	250	0.177
150	7	1	250	0.112
150	7	1	250	0.162
150	7	1	250	0.126
150	8	1	250	0.270
150	8	1	250	0.272
150	8	1	250	0.126
150	8	1	250	0.301
150	8	1	250	0.268
150	9	1	250	0.335
150	9	1	250	0.329
150	9	1	250	0.279
150	9	1	250	0.349
150	9	1	250	0.254
235	6	1	250	0.195
235	6	1	250	0.182
235	6	1	250	0.332
235	6	1	250	0.205
235	6	1	250	0.269
235	7	1	250	0.254
235	7	1	250	0.130
235	7	1	250	0.201
235	7	1	250	0.254
235	7	1	250	0.292
235	8	1	250	0.254
235	8	1	250	0.255
235	8	1	250	0.241
235	8	1	250	0.226
235	8	1	250	0.224
235	9	1	250	0.278
235	9	1	250	0.301
235	9	1	250	0.258
235	9	1	250	0.270
235	9	1	250	0.262
241	6	1	250	0.221
241	6	1	250	0.158
241	6	1	250	0.172
241	6	1	250	0.279
241	6	1	250	0.200
241	7	1	250	0.087
241	7	1	250	0.137
241	7	1	250	0.077
241	7	1	250	0.160
241	7	1	250	0.072
241	8	1	250	0.253
241	8	1	250	0.262
241	8	1	250	0.249
241	8	1	250	0.285
241	8	1	250	0.246
241	9	1	250	0.305
241	9	1	250	0.295
241	9	1	250	0.295
241	9	1	250	0.240
241	9	1	250	0.268
218	6	1	250	0.256
218	6	1	250	0.159
218	6	1	250	0.335
218	6	1	250	0.297
218	6	1	250	0.135
218	7	1	250	0.358
218	7	1	250	0.221
218	7	1	250	0.100
218	7	1	250	0.129
218	7	1	250	0.069
218	8	1	250	0.180
218	8	1	250	0.285
218	8	1	250	0.161
218	8	1	250	0.139
218	8	1	250	0.146
218	9	1	250	0.107
218	9	1	250	0.145
218	9	1	250	0.129
218	9	1	250	0.170
218	9	1	250	0.255
43	6	1	250	0.221
43	6	1	250	0.270
43	6	1	250	0.076
43	6	1	250	0.150
43	6	1	250	0.334
43	7	1	250	0.172
43	7	1	250	0.137
43	7	1	250	0.171
43	7	1	250	0.176
43	7	1	250	0.142
43	8	1	250	0.126
43	8	1	233	0.118
43	8	1	246	0.109
43	8	1	250	0.156
43	8	1	250	0.104
43	9	1	231	0.169
43	9	1	250	0.145
43	9	1	250	0.147
43	9	1	250	0.155
43	9	1	250	0.137
46	6	1	250	0.241
46	6	1	250	0.285
46	6	1	250	0.051
46	6	1	250	0.242
46	6	1	250	0.111
46	7	1	250	0.128
46	7	1	250	0.399
46	7	1	250	0.217
46	7	1	250	0.096
46	7	1	250	0.108
46	8	1	250	0.205
46	8	1	250	0.193
46	8	1	250	0.213
46	8	1	250	0.205
46	8	1	250	0.217
46	9	1	250	0.206
46	9	1	250	0.244
46	9	1	250	0.204
46	9	1	250	0.196
46	9	1	250	0.212
137	6	1	250	0.260
137	6	1	250	0.104
137	6	1	250	0.348
137	6	1	250	0.184
137	6	1	250	0.226
137	7	1	250	0.092
137	7	1	250	0.099
137	7	1	250	0.147
137	7	1	250	0.070
137	7	1	250	0.108
137	8	1	250	0.129
137	8	1	250	0.126
137	8	1	250	0.130
137	8	1	250	0.122
137	8	1	250	0.136
137	9	1	250	0.159
137	9	1	250	0.199
137	9	1	250	0.215
137	9	1	250	0.177
137	9	1	250	0.170
171	6	1	250	0.271
171	6	1	250	0.348
171	6	1	250	0.311
171	6	1	250	0.248
171	6	1	250	0.163
171	7	1	250	0.118
171	7	1	250	0.098
171	7	1	250	0.147
171	7	1	250	0.138
171	7	1	250	0.106
171	8	1	250	0.475
171	8	1	250	0.199
171	8	1	250	0.166
171	8	1	250	0.174
171	8	1	250	0.212
171	9	1	250	0.170
171	9	1	250	0.160
171	9	1	250	0.150
171	9	1	250	0.275
171	9	1	250	0.442
238	6	1	250	0.226
238	6	1	250	0.168
238	6	1	250	0.169
238	6	1	250	0.169
238	6	1	250	0.121
238	7	1	250	0.185
238	7	1	250	0.133
238	7	1	250	0.149
238	7	1	250	0.206
238	7	1	250	0.144
238	8	1	250	0.222
238	8	1	250	0.220
238	8	1	250	0.176
238	8	1	250	0.063
238	8	1	250	0.167
238	9	1	250	0.179
238	9	1	250	0.205
238	9	1	250	0.216
238	9	1	250	0.182
238	9	1	250	0.188
251	6	1	250	0.279
251	6	1	250	0.296
251	6	1	250	0.194
251	6	1	250	0.114
251	6	1	250	0.201
251	7	1	250	0.190
251	7	1	250	0.201
251	7	1	250	0.138
251	7	1	250	0.163
251	7	1	250	0.190
251	8	1	250	0.143
251	8	1	250	0.123
251	8	1	238	0.106
251	8	1	250	0.121
251	8	1	209	0.113
251	9	1	222	0.118
251	9	1	250	0.158
251	9	1	250	0.141
251	9	1	250	0.168
251	9	1	223	0.116
4	6	1	250	0.277
4	6	1	250	0.054
4	6	1	250	0.275
4	6	1	250	0.131
4	6	1	250	0.236
4	7	0	210	0.004
4	7	0	141	0.000
4	7	1	250	0.019
4	7	0	207	0.011
4	7	1	250	0.017
4	8	1	250	0.089
4	8	1	250	0.244
4	8	1	250	0.238
4	8	1	250	0.061
4	8	1	250	0.078
4	9	1	250	0.126
4	9	1	250	0.148
4	9	1	250	0.195
4	9	1	250	0.172
4	9	1	250	0.239
151	6	1	250	0.291
151	6	1	250	0.112
151	6	1	250	0.305
151	6	1	250	0.338
151	6	1	250	0.281
151	7	1	250	0.180
151	7	1	250	0.224
151	7	1	250	0.156
151	7	1	250	0.146
151	7	1	250	0.114
151	8	1	250	0.178
151	8	1	250	0.202
151	8	1	250	0.213
151	8	1	250	0.208
151	8	1	250	0.221
151	9	1	250	0.210
151	9	1	250	0.228
151	9	1	250	0.228
151	9	1	250	0.235
151	9	1	250	0.224
162	6	1	250	0.060
162	6	1	250	0.252
162	6	1	250	0.081
162	6	1	250	0.285
162	6	1	250	0.094
162	7	1	250	0.067
162	7	1	250	0.048
162	7	1	250	0.029
162	7	1	250	0.077
162	7	1	250	0.103
162	8	1	250	0.161
162	8	1	234	0.163
162	8	1	250	0.140
162	8	1	250	0.162
162	8	1	250	0.157
162	9	1	250	0.144
162	9	1	250	0.139
162	9	1	250	0.154
162	9	1	250	0.119
162	9	1	250	0.173
224	6	1	250	0.203
224	6	1	250	0.150
224	6	1	250	0.128
224	6	1	250	0.243
224	6	1	250	0.243
224	7	1	250	0.099
224	7	1	250	0.219
224	7	1	250	0.205
224	7	1	250	0.099
224	7	1	250	0.121
224	8	1	250	0.197
224	8	1	250	0.183
224	8	1	250	0.187
224	8	1	250	0.180
224	8	1	250	0.236
224	9	1	250	0.184
224	9	1	250	0.183
224	9	1	250	0.203
224	9	1	250	0.135
224	9	1	250	0.300
253	6	1	250	0.183
253	6	1	250	0.171
253	6	1	250	0.160
253	6	1	250	0.125
253	6	1	250	0.147
253	7	1	250	0.226
253	7	1	250	0.096
253	7	1	250	0.069
253	7	1	250	0.126
253	7	1	250	0.137
253	8	1	250	0.185
253	8	1	250	0.187
253	8	1	250	0.177
253	8	1	250	0.178
253	8	1	250	0.179
253	9	1	250	0.191
253	9	1	250	0.147
253	9	1	250	0.153
253	9	1	250	0.175
253	9	1	250	0.200
267	6	1	250	0.330
267	6	1	250	0.170
267	6	1	250	0.261
267	6	1	250	0.088
267	6	1	250	0.285
267	7	1	250	0.118
267	7	1	250	0.136
267	7	1	250	0.086
267	7	1	250	0.136
267	7	1	250	0.098
267	8	1	250	0.122
267	8	1	250	0.109
267	8	1	250	0.127
267	8	1	250	0.128
267	8	1	250	0.128
267	9	1	250	0.127
267	9	1	250	0.129
267	9	1	250	0.123
267	9	1	250	0.128
267	9	1	250	0.128
273	6	1	250	0.228
273	6	1	250	0.202
273	6	1	250	0.294
273	6	1	250	0.213
273	6	1	250	0.102
273	7	1	250	0.111
273	7	1	250	0.107
273	7	1	250	0.123
273	7	1	250	0.117
273	7	1	250	0.189
273	8	1	250	0.114
273	8	1	250	0.157
273	8	1	250	0.209
273	8	1	250	0.190
273	8	1	250	0.255
273	9	1	250	0.119
273	9	1	250	0.180
273	9	1	250	0.183
273	9	1	250	0.216
273	9	1	250	0.144
278	6	1	250	0.243
278	6	1	250	0.181
278	6	1	250	0.168
278	6	1	250	0.242
278	6	1	250	0.187
278	7	1	250	0.130
278	7	1	250	0.176
278	7	1	250	0.125
278	7	1	250	0.175
278	7	1	250	0.227
278	8	1	250	0.222
278	8	1	250	0.203
278	8	1	250	0.106
278	8	1	250	0.116
278	8	1	250	0.138
278	9	1	250	0.216
278	9	1	250	0.240
278	9	1	250	0.218
278	9	1	250	0.242
278	9	1	250	0.241
78	6	1	250	0.180
78	6	1	250	0.119
78	6	1	250	0.385
78	6	1	250	0.123
78	6	1	250	0.187
78	7	1	250	0.195
78	7	1	250	0.225
78	7	1	250	0.108
78	7	1	250	0.243
78	7	1	250	0.126
78	8	1	250	0.247
78	8	1	250	0.233
78	8	1	250	0.240
78	8	1	250	0.161
78	8	1	228	0.164
78	9	1	250	0.160
78	9	1	250	0.246
78	9	1	237	0.153
78	9	1	250	0.221
78	9	1	250	0.239
89	6	1	250	0.061
89	6	1	250	0.105
89	6	1	250	0.088
89	6	1	250	0.298
89	6	1	250	0.097
89	7	1	250	0.115
89	7	1	250	0.128
89	7	1	250	0.062
89	7	1	250	0.131
89	7	1	250	0.085
89	8	1	250	0.194
89	8	1	250	0.205
89	8	1	166	0.155
89	8	1	157	0.112
89	8	1	175	0.141
89	9	1	250	0.216
89	9	1	250	0.217
89	9	1	250	0.193
89	9	1	250	0.154
89	9	1	222	0.164
124	6	1	250	0.226
124	6	1	250	0.221
124	6	1	250	0.224
124	6	1	250	0.199
124	6	1	250	0.210
124	7	1	250	0.286
124	7	1	250	0.101
124	7	1	250	0.125
124	7	1	250	0.160
124	7	1	250	0.116
124	8	1	250	0.302
124	8	1	250	0.304
124	8	1	250	0.281
124	8	1	250	0.293
124	8	1	250	0.301
124	9	1	250	0.316
124	9	1	250	0.307
124	9	1	250	0.303
124	9	1	250	0.286
124	9	1	250	0.309
144	6	1	250	0.262
144	6	1	250	0.174
144	6	1	250	0.172
144	6	1	250	0.111
144	6	1	250	0.249
144	7	1	250	0.087
144	7	1	250	0.332
144	7	1	250	0.218
144	7	1	250	0.345
144	7	1	250	0.237
144	8	1	250	0.218
144	8	1	250	0.212
144	8	1	250	0.224
144	8	1	250	0.224
144	8	1	250	0.219
144	9	1	250	0.233
144	9	1	250	0.231
144	9	1	250	0.220
144	9	1	250	0.232
144	9	1	250	0.231
176	6	1	250	0.216
176	6	1	250	0.166
176	6	1	250	0.258
176	6	1	250	0.272
176	6	1	250	0.123
176	7	1	250	0.198
176	7	1	250	0.191
176	7	1	250	0.146
176	7	1	250	0.173
176	7	1	250	0.252
176	8	1	250	0.084
176	8	1	250	0.083
176	8	1	250	0.199
176	8	1	250	0.107
176	8	1	250	0.112
176	9	1	250	0.154
176	9	1	250	0.107
176	9	1	250	0.121
176	9	1	250	0.137
176	9	1	250	0.139
196	6	1	250	0.207
196	6	1	250	0.170
196	6	1	250	0.125
196	6	1	250	0.120
196	6	1	250	0.131
196	7	1	250	0.381
196	7	1	250	0.264
196	7	1	250	0.190
196	7	1	250	0.158
196	7	1	250	0.136
196	8	1	250	0.248
196	8	1	250	0.268
196	8	1	250	0.245
196	8	1	250	0.223
196	8	1	250	0.243
196	9	1	250	0.270
196	9	1	250	0.277
196	9	1	250	0.277
196	9	1	250	0.229
196	9	1	250	0.244
213	6	1	250	0.131
213	6	1	250	0.125
213	6	1	250	0.160
213	6	1	250	0.201
213	6	1	250	0.246
213	7	1	250	0.183
213	7	1	250	0.201
213	7	1	250	0.130
213	7	1	250	0.139
213	7	1	250	0.168
213	8	1	250	0.168
213	8	1	250	0.185
213	8	1	250	0.188
213	8	1	250	0.190
213	8	1	250	0.173
213	9	1	250	0.127
213	9	1	250	0.196
213	9	1	250	0.176
213	9	1	250	0.165
213	9	1	250	0.183
225	6	1	250	0.196
225	6	1	250	0.287
225	6	1	250	0.219
225	6	1	250	0.273
225	6	1	250	0.241
225	7	1	250	0.062
225	7	1	250	0.140
225	7	1	250	0.085
225	7	1	250	0.096
225	7	1	250	0.260
225	8	1	250	0.275
225	8	1	250	0.287
225	8	1	250	0.287
225	8	1	250	0.291
225	8	1	250	0.220
225	9	1	250	0.341
225	9	1	250	0.361
225	9	1	250	0.281
225	9	1	250	0.381
225	9	1	250	0.291
226	6	1	250	0.203
226	6	1	250	0.387
226	6	1	250	0.349
226	6	1	250	0.108
226	6	1	250	0.377
226	7	1	250	0.355
226	7	1	250	0.418
226	7	1	250	0.455
226	7	1	250	0.267
226	7	1	250	0.383
226	8	1	250	0.367
226	8	1	196	0.118
226	8	1	201	0.119
226	8	1	211	0.113
226	8	1	209	0.110
226	9	1	250	0.120
226	9	1	211	0.135
226	9	1	231	0.118
226	9	1	216	0.119
226	9	1	233	0.119
232	6	1	250	0.092
232	6	1	250	0.170
232	6	1	250	0.128
232	6	1	250	0.103
232	6	1	250	0.148
232	7	1	250	0.116
232	7	1	250	0.201
232	7	1	250	0.130
232	7	1	250	0.128
232	7	1	250	0.116
232	8	1	250	0.118
232	8	1	216	0.125
232	8	1	212	0.137
232	8	1	223	0.143
232	8	1	249	0.141
232	9	1	250	0.162
232	9	1	208	0.142
232	9	1	203	0.140
232	9	1	221	0.144
232	9	1	218	0.147
269	6	1	250	0.191
269	6	1	250	0.228
269	6	1	250	0.192
269	6	1	250	0.217
269	6	1	250	0.232
269	7	1	250	0.177
269	7	1	250	0.216
269	7	1	250	0.142
269	7	1	250	0.220
269	7	1	250	0.205
269	8	1	250	0.280
269	8	1	250	0.272
269	8	1	250	0.270
269	8	1	250	0.272
269	8	1	250	0.257
269	9	1	250	0.285
269	9	1	250	0.250
269	9	1	250	0.267
269	9	1	250	0.280
269	9	1	250	0.264
7	6	1	250	0.364
7	6	1	250	0.228
7	6	1	250	0.412
7	6	1	250	0.248
7	6	1	250	0.182
7	7	1	250	0.120
7	7	1	250	0.407
7	7	0	224	0.031
7	7	1	250	0.386
7	7	1	250	0.037
7	8	1	176	0.112
7	8	1	220	0.113
7	8	1	215	0.120
7	8	1	250	0.259
7	8	1	196	0.123
7	9	1	192	0.116
7	9	1	250	0.263
7	9	1	250	0.277
7	9	1	194	0.110
7	9	1	226	0.095
13	6	1	250	0.086
13	6	1	250	0.167
13	6	1	250	0.177
13	6	1	250	0.243
13	6	1	250	0.110
13	7	1	250	0.100
13	7	1	250	0.127
13	7	1	250	0.141
13	7	1	250	0.094
13	7	1	250	0.141
13	8	1	250	0.264
13	8	1	250	0.212
13	8	1	250	0.270
13	8	1	250	0.303
13	8	1	250	0.111
13	9	1	250	0.142
13	9	1	250	0.135
13	9	1	250	0.306
13	9	1	235	0.141
13	9	1	238	0.159
27	6	1	250	0.140
27	6	1	250	0.203
27	6	1	250	0.185
27	6	1	250	0.242
27	6	1	250	0.100
27	7	1	246	0.102
27	7	1	250	0.205
27	7	1	250	0.191
27	7	1	239	0.191
27	7	1	237	0.126
27	8	1	116	0.190
27	8	1	126	0.185
27	8	1	134	0.195
27	8	1	127	0.192
27	8	1	126	0.198
27	9	1	126	0.207
27	9	1	132	0.198
27	9	1	127	0.191
27	9	1	131	0.204
27	9	1	132	0.201
104	6	1	250	0.135
104	6	1	250	0.283
104	6	1	250	0.169
104	6	1	250	0.122
104	6	1	250	0.191
104	7	1	250	0.134
104	7	1	250	0.187
104	7	1	250	0.131
104	7	1	250	0.226
104	7	1	250	0.232
104	8	1	250	0.254
104	8	1	250	0.187
104	8	1	250	0.254
104	8	1	250	0.177
104	8	1	250	0.139
104	9	1	250	0.179
104	9	1	250	0.193
104	9	1	250	0.184
104	9	1	250	0.179
104	9	1	250	0.280
142	6	1	250	0.105
142	6	1	250	0.233
142	6	1	250	0.227
142	6	1	250	0.337
142	6	1	250	0.200
142	7	1	250	0.147
142	7	1	250	0.201
142	7	1	250	0.175
142	7	1	244	0.096
142	7	1	210	0.072
142	8	1	250	0.282
142	8	1	250	0.272
142	8	1	250	0.286
142	8	1	250	0.288
142	8	1	250	0.264
142	9	1	250	0.280
142	9	1	250	0.279
142	9	1	250	0.277
142	9	1	250	0.265
142	9	1	250	0.253
183	6	1	250	0.207
183	6	1	250	0.140
183	6	1	250	0.185
183	6	1	250	0.155
183	6	1	250	0.184
183	7	1	250	0.140
183	7	1	250	0.204
183	7	1	250	0.115
183	7	1	250	0.226
183	7	1	250	0.103
183	8	1	215	0.141
183	8	1	220	0.158
183	8	1	213	0.135
183	8	1	206	0.128
183	8	1	211	0.137
183	9	1	222	0.142
183	9	1	250	0.163
183	9	1	250	0.133
183	9	1	230	0.177
183	9	1	250	0.153
193	6	1	250	0.116
193	6	1	250	0.132
193	6	1	250	0.133
193	6	1	250	0.120
193	6	1	250	0.071
193	7	1	250	0.081
193	7	1	250	0.131
193	7	1	250	0.093
193	7	1	250	0.186
193	7	1	250	0.154
193	8	1	250	0.088
193	8	1	250	0.140
193	8	1	250	0.209
193	8	1	250	0.153
193	8	1	250	0.142
193	9	1	250	0.167
193	9	1	250	0.157
193	9	1	250	0.219
193	9	1	250	0.106
193	9	1	250	0.175
195	6	1	250	0.159
195	6	1	250	0.121
195	6	1	250	0.163
195	6	1	250	0.093
195	6	1	250	0.241
195	7	1	250	0.150
195	7	1	250	0.131
195	7	1	250	0.220
195	7	1	250	0.144
195	7	1	250	0.295
195	8	1	250	0.188
195	8	1	250	0.173
195	8	1	250	0.173
195	8	1	250	0.178
195	8	1	250	0.187
195	9	1	250	0.093
195	9	1	250	0.162
195	9	1	250	0.187
195	9	1	250	0.139
195	9	1	250	0.185
277	6	1	250	0.227
277	6	1	250	0.134
277	6	1	250	0.129
277	6	1	250	0.331
277	6	1	250	0.334
277	7	1	250	0.319
277	7	1	250	0.221
277	7	1	250	0.292
277	7	1	250	0.266
277	7	1	250	0.272
277	8	1	250	0.298
277	8	1	250	0.152
277	8	1	250	0.273
277	8	1	250	0.288
277	8	1	250	0.247
277	9	1	250	0.260
277	9	1	250	0.280
277	9	1	250	0.308
277	9	1	250	0.257
277	9	1	250	0.256
280	6	1	250	0.061
280	6	1	250	0.146
280	6	1	250	0.160
280	6	1	250	0.123
280	6	1	250	0.120
280	7	1	250	0.153
280	7	1	250	0.307
280	7	1	250	0.198
280	7	1	250	0.281
280	7	1	250	0.083
280	8	1	250	0.148
280	8	1	250	0.253
280	8	1	250	0.132
280	8	1	250	0.128
280	8	1	250	0.257
280	9	1	250	0.293
280	9	1	250	0.145
280	9	1	250	0.152
280	9	1	250	0.263
280	9	1	250	0.159
284	6	1	250	0.164
284	6	1	250	0.107
284	6	1	250	0.164
284	6	1	250	0.144
284	6	1	250	0.163
284	7	1	250	0.193
284	7	1	250	0.086
284	7	1	250	0.070
284	7	1	250	0.125
284	7	1	250	0.261
284	8	1	250	0.212
284	8	1	250	0.213
284	8	1	250	0.162
284	8	1	250	0.135
284	8	1	250	0.154
284	9	1	250	0.240
284	9	1	250	0.240
284	9	1	250	0.133
284	9	1	250	0.170
284	9	1	250	0.231
292	6	1	250	0.177
292	6	1	250	0.190
292	6	1	250	0.157
292	6	1	250	0.282
292	6	1	250	0.122
292	7	1	250	0.217
292	7	1	250	0.170
292	7	1	250	0.061
292	7	1	250	0.213
292	7	1	250	0.084
292	8	1	250	0.245
292	8	1	250	0.169
292	8	1	250	0.177
292	8	1	250	0.176
292	8	1	250	0.171
292	9	1	250	0.170
292	9	1	250	0.170
292	9	1	250	0.171
292	9	1	250	0.170
292	9	1	250	0.163
2	6	1	250	0.167
2	6	1	250	0.098
2	6	1	250	0.106
2	6	1	250	0.066
2	6	1	250	0.114
2	7	1	250	0.130
2	7	1	250	0.039
2	7	1	250	0.116
2	7	1	250	0.085
2	7	1	250	0.133
2	8	1	250	0.294
2	8	1	250	0.262
2	8	1	250	0.248
2	8	1	250	0.255
2	8	1	250	0.222
2	9	1	250	0.222
2	9	1	250	0.287
2	9	1	250	0.235
2	9	1	250	0.261
2	9	1	250	0.237
6	6	1	250	0.077
6	6	1	250	0.320
6	6	1	250	0.277
6	6	1	250	0.104
6	6	1	250	0.286
6	7	1	250	0.161
6	7	1	250	0.101
6	7	1	250	0.091
6	7	1	250	0.089
6	7	1	250	0.172
6	8	1	218	0.153
6	8	1	228	0.154
6	8	1	208	0.170
6	8	1	247	0.168
6	8	1	228	0.152
6	9	1	239	0.179
6	9	1	250	0.165
6	9	1	227	0.170
6	9	1	213	0.154
6	9	1	232	0.176
30	6	1	250	0.255
30	6	1	250	0.052
30	6	1	250	0.079
30	6	1	250	0.084
30	6	1	250	0.251
30	7	1	250	0.086
30	7	1	250	0.115
30	7	1	250	0.106
30	7	1	250	0.067
30	7	1	250	0.090
30	8	1	196	0.140
30	8	1	199	0.091
30	8	1	185	0.214
30	8	1	193	0.111
30	8	1	184	0.150
30	9	1	242	0.111
30	9	1	213	0.142
30	9	1	250	0.185
30	9	1	228	0.105
30	9	1	225	0.159
35	6	1	250	0.339
35	6	1	250	0.198
35	6	1	250	0.248
35	6	1	250	0.228
35	6	1	250	0.318
35	7	1	250	0.358
35	7	1	250	0.098
35	7	1	250	0.173
35	7	1	250	0.219
35	7	1	250	0.116
35	8	1	250	0.206
35	8	1	250	0.254
35	8	1	250	0.236
35	8	1	250	0.231
35	8	1	250	0.224
35	9	1	250	0.235
35	9	1	250	0.248
35	9	1	250	0.232
35	9	1	250	0.236
35	9	1	250	0.249
45	6	1	250	0.217
45	6	1	250	0.252
45	6	1	250	0.290
45	6	1	250	0.193
45	6	1	250	0.220
45	7	1	250	0.198
45	7	1	250	0.202
45	7	1	250	0.291
45	7	1	250	0.174
45	7	1	250	0.200
45	8	1	250	0.239
45	8	1	250	0.172
45	8	1	250	0.231
45	8	1	250	0.229
45	8	1	250	0.212
45	9	1	250	0.231
45	9	1	250	0.202
45	9	1	250	0.228
45	9	1	250	0.164
45	9	1	250	0.228
